$ANSIBLE_VAULT;1.1;AES256
62346535353738383131626631393963656231323335646435663437313262616135316364636430
6438326434323363613338393835643861303534306330650a333933663936646130633061326264
38383761396636303133333964323061656639653462333664326562303465663431313337353437
6139666635376364640a306136616563666561373930616134363530303336323339653661336563
65646562383734643662346432636134323661656232336339393366303737383433353435643165
36366431326461393166613830333637373236663062363534636462323561643336616635336631
39633861303435643738646561313233653933386432663162646363633137353531666462333366
64663432336334383633393537353534643738656165373830613038393732356161316333363066
64376138393939383631636461343966643237333730373330383133663961626265396432316333
36356266366463316663356161386464656137343231303938313337666333653762356664623465
64666633363565353230653938666233333639383566396233323132333534623465346532363434
36386535346230366638666534366262653765313230313732633231373932613638623266656131
6237
